4294967279,23
4294967279,22
4294967279,21
4294967279,20
4294967279,19
4294967294,22
4294967294,36
4294967294,39
12,6
12,4
4294967279,207
4294967279,205
4294967279,204
4294967279,18
4294967279,16
4294967279,15
4294967279,14
4294967279,13
4294967279,12
4294967279,11
4294967279,10
4294967278,216
4294967279,219
4294967278,215
4294967279,218
4294967278,214
4294967278,213
4294967279,217
4294967278,212
4294967279,216
4294967278,211
4294967279,215
4294967278,210
4294967279,214
4294967278,209
4294967279,213
4294967278,208
4294967279,212
4294967278,207
4294967279,210
18,7
4294967278,206
18,6
18,5
4294967278,205
18,4
18,3
18,2
18,1
4294967278,204
0,7
4294967294,12
4294967294,11
4294967278,203
4294967294,1031
4294967294,0
4294967294,424
4294967294,8
4294967294,9
4294967294,7
4294967294,69
0,5
4294967294,91
4294967294,87
4294967294,85
4294967294,83
4294967294,1049
4294967294,413
4294967294,29
4294967294,1078
4294967294,28
4294967294,1048
4294967294,27
4294967294,53
4294967294,45
4294967294,427
4294967294,44
4294967294,16
4294967294,96
4294967294,94
4294967278,202
4294967278,201
4294967278,200
4294967278,0
4294967279,0
4294967294,93
4294967294,95
4294967294,15
4294967294,17
4294967294,42
4294967294,67
4294967294,41
4294967294,1412
4294967294,43
4294967294,417
4294967294,51
4294967294,52
4294967294,25
4294967294,1074
4294967294,26
4294967294,68
4294967278,132
4294967278,131
4294967278,130
4294967278,129
4294967278,128
4294967278,127
4294967278,126
4294967278,125
4294967278,124
4294967278,123
4294967278,122
4294967278,121
4294967278,120
4294967278,119
4294967278,118
4294967278,117
4294967278,116
4294967278,115
4294967278,114
4294967278,113
4294967278,112
4294967278,111
4294967278,110
4294967278,109
4294967278,108
4294967278,107
4294967278,106
4294967278,105
4294967278,104
4294967278,103
4294967278,102
4294967278,101
4294967278,100
4294967278,99
4294967278,98
4294967278,97
4294967278,96
4294967278,95
4294967278,94
4294967278,93
4294967278,92
4294967278,91
4294967278,90
4294967278,89
4294967278,87
4294967278,86
4294967278,85
4294967278,84
4294967278,83
4294967278,82
4294967278,81
4294967278,80
4294967278,79
4294967278,78
4294967278,77
4294967278,76
4294967278,75
4294967278,74
4294967278,73
4294967278,72
4294967278,71
4294967278,70
4294967278,69
4294967278,68
4294967278,67
4294967278,66
4294967278,65
4294967278,64
4294967278,63
4294967278,62
4294967278,61
4294967278,60
4294967278,59
4294967278,58
4294967278,57
4294967278,56
4294967278,55
4294967278,54
4294967278,53
4294967278,52
4294967278,51
4294967278,50
4294967278,49
4294967278,48
4294967278,47
4294967278,46
4294967278,45
4294967278,44
4294967278,43
4294967278,42
4294967278,41
4294967278,40
4294967278,39
4294967278,38
4294967278,37
4294967278,36
4294967278,35
4294967278,34
4294967278,33
4294967278,32
4294967278,31
4294967278,30
4294967278,29
4294967278,28
4294967278,27
4294967278,26
4294967278,25
4294967278,24
4294967278,23
4294967278,22
4294967278,21
4294967278,20
4294967278,19
4294967278,18
4294967278,17
4294967278,16
4294967278,15
4294967278,14
4294967278,13
4294967278,12
4294967278,11
4294967278,10
4294967278,9
4294967278,8
4294967278,7
4294967278,6
4294967278,5
4294967278,4
4294967279,132
4294967279,131
4294967279,130
4294967279,129
4294967279,128
4294967279,127
4294967279,126
4294967279,125
4294967279,124
4294967279,123
